#Einstien Stephen Matthew D. Poblete

age <- c(54, 42, 51, 54, 49, 56, 33, 58, 54, 54, 49)


